Input file		FD	TD	TDA	Cuts	Joins
1_0.0_50_1_input	0	0	0	88	88
1_0.0_50_2_input	0	0	0	95	95
1_0.0_50_3_input	0	0	0	92	92
1_0.0_50_4_input	0	0	0	95	95
1_0.0_50_5_input	0	0	0	94	94
1_0.0_50_6_input	0	0	0	95	95
1_0.0_50_7_input	0	0	0	91	91
1_0.0_50_8_input	0	0	0	95	95
1_0.0_50_9_input	0	0	0	92	92
1_0.0_50_10_input	0	0	0	94	94
1_0.0_50_11_input	0	0	0	96	96
1_0.0_50_12_input	0	0	0	97	97
1_0.0_50_13_input	0	0	0	93	93
1_0.0_50_14_input	0	0	0	93	93
1_0.0_50_15_input	0	0	0	91	91
1_0.0_50_16_input	0	0	0	96	96
1_0.0_50_17_input	0	0	0	94	94
1_0.0_50_18_input	0	0	0	94	94
1_0.0_50_19_input	0	0	0	96	96
1_0.0_50_20_input	0	0	0	96	96
1_0.0_50_21_input	0	0	0	96	96
1_0.0_50_22_input	0	0	0	91	91
1_0.0_50_23_input	0	0	0	93	93
1_0.0_50_24_input	0	0	0	96	96
1_0.0_50_25_input	0	0	0	90	90
1_0.0_50_26_input	0	0	0	92	92
1_0.0_50_27_input	0	0	0	93	93
1_0.0_50_28_input	0	0	0	91	91
1_0.0_50_29_input	0	0	0	95	95
1_0.0_50_30_input	0	0	0	99	99
1_0.0_50_31_input	0	0	0	97	97
1_0.0_50_32_input	0	0	0	94	94
1_0.0_50_33_input	0	0	0	96	96
1_0.0_50_34_input	0	0	0	92	92
1_0.0_50_35_input	0	0	0	95	95
1_0.0_50_36_input	0	0	0	94	94
1_0.0_50_37_input	0	0	0	93	93
1_0.0_50_38_input	0	0	0	91	91
1_0.0_50_39_input	0	0	0	95	95
1_0.0_50_40_input	0	0	0	92	92
1_0.0_50_41_input	0	0	0	97	97
1_0.0_50_42_input	0	0	0	93	93
1_0.0_50_43_input	0	0	0	94	94
1_0.0_50_44_input	0	0	0	95	95
1_0.0_50_45_input	0	0	0	93	93
1_0.0_50_46_input	0	0	0	91	91
1_0.0_50_47_input	0	0	0	97	97
1_0.0_50_48_input	0	0	0	94	94
1_0.0_50_49_input	0	0	0	94	94
1_0.0_50_50_input	0	0	0	96	96
1_0.0_100_1_input	0	0	0	180	180
1_0.0_100_2_input	0	0	0	184	184
1_0.0_100_3_input	0	0	0	177	177
1_0.0_100_4_input	0	0	0	182	182
1_0.0_100_5_input	0	0	0	182	182
1_0.0_100_6_input	0	0	0	182	182
1_0.0_100_7_input	0	0	0	181	181
1_0.0_100_8_input	0	0	0	179	179
1_0.0_100_9_input	0	0	0	181	181
1_0.0_100_10_input	0	0	0	180	180
1_0.0_100_11_input	0	0	0	182	182
1_0.0_100_12_input	0	0	0	183	183
1_0.0_100_13_input	0	0	0	186	186
1_0.0_100_14_input	0	0	0	180	180
1_0.0_100_15_input	0	0	0	186	186
1_0.0_100_16_input	0	0	0	185	185
1_0.0_100_17_input	0	0	0	175	175
1_0.0_100_18_input	0	0	0	183	183
1_0.0_100_19_input	0	0	0	182	182
1_0.0_100_20_input	0	0	0	179	179
1_0.0_100_21_input	0	0	0	183	183
1_0.0_100_22_input	0	0	0	178	178
1_0.0_100_23_input	0	0	0	185	185
1_0.0_100_24_input	0	0	0	184	184
1_0.0_100_25_input	0	0	0	181	181
1_0.0_100_26_input	0	0	0	180	180
1_0.0_100_27_input	0	0	0	187	187
1_0.0_100_28_input	0	0	0	182	182
1_0.0_100_29_input	0	0	0	175	175
1_0.0_100_30_input	0	0	0	178	178
1_0.0_100_31_input	0	0	0	177	177
1_0.0_100_32_input	0	0	0	182	182
1_0.0_100_33_input	0	0	0	182	182
1_0.0_100_34_input	0	0	0	175	175
1_0.0_100_35_input	0	0	0	177	177
1_0.0_100_36_input	0	0	0	183	183
1_0.0_100_37_input	0	0	0	182	182
1_0.0_100_38_input	0	0	0	186	186
1_0.0_100_39_input	0	0	0	184	184
1_0.0_100_40_input	0	0	0	184	184
1_0.0_100_41_input	0	0	0	181	181
1_0.0_100_42_input	0	0	0	178	178
1_0.0_100_43_input	0	0	0	184	184
1_0.0_100_44_input	0	0	0	175	175
1_0.0_100_45_input	0	0	0	185	185
1_0.0_100_46_input	0	0	0	175	175
1_0.0_100_47_input	0	0	0	185	185
1_0.0_100_48_input	0	0	0	178	178
1_0.0_100_49_input	0	0	0	178	178
1_0.0_100_50_input	0	0	0	180	180
1_0.0_150_1_input	0	0	0	256	256
1_0.0_150_2_input	0	0	0	262	262
1_0.0_150_3_input	0	0	0	252	252
1_0.0_150_4_input	0	0	0	255	255
1_0.0_150_5_input	0	0	0	255	255
1_0.0_150_6_input	0	0	0	257	257
1_0.0_150_7_input	0	0	0	266	266
1_0.0_150_8_input	0	0	0	255	255
1_0.0_150_9_input	0	0	0	261	261
1_0.0_150_10_input	0	0	0	255	255
1_0.0_150_11_input	0	0	0	257	257
1_0.0_150_12_input	0	0	0	253	253
1_0.0_150_13_input	0	0	0	264	264
1_0.0_150_14_input	0	0	0	248	248
1_0.0_150_15_input	0	0	0	255	255
1_0.0_150_16_input	0	0	0	261	261
1_0.0_150_17_input	0	0	0	257	257
1_0.0_150_18_input	0	0	0	249	249
1_0.0_150_19_input	0	0	0	244	244
1_0.0_150_20_input	0	0	0	255	255
1_0.0_150_21_input	0	0	0	264	264
1_0.0_150_22_input	0	0	0	260	260
1_0.0_150_23_input	0	0	0	264	264
1_0.0_150_24_input	0	0	0	255	255
1_0.0_150_25_input	0	0	0	259	259
1_0.0_150_26_input	0	0	0	256	256
1_0.0_150_27_input	0	0	0	254	254
1_0.0_150_28_input	0	0	0	267	267
1_0.0_150_29_input	0	0	0	253	253
1_0.0_150_30_input	0	0	0	264	264
1_0.0_150_31_input	0	0	0	260	260
1_0.0_150_32_input	0	0	0	265	265
1_0.0_150_33_input	0	0	0	258	258
1_0.0_150_34_input	0	0	0	251	251
1_0.0_150_35_input	0	0	0	261	261
1_0.0_150_36_input	0	0	0	257	257
1_0.0_150_37_input	0	0	0	264	264
1_0.0_150_38_input	0	0	0	241	241
1_0.0_150_39_input	0	0	0	249	249
1_0.0_150_40_input	0	0	0	249	249
1_0.0_150_41_input	0	0	0	269	269
1_0.0_150_42_input	0	0	0	253	253
1_0.0_150_43_input	0	0	0	250	250
1_0.0_150_44_input	0	0	0	262	262
1_0.0_150_45_input	0	0	0	258	258
1_0.0_150_46_input	0	0	0	269	269
1_0.0_150_47_input	0	0	0	260	260
1_0.0_150_48_input	0	0	0	256	256
1_0.0_150_49_input	0	0	0	263	263
1_0.0_150_50_input	0	0	0	263	263
1_0.0_200_1_input	0	0	0	327	327
1_0.0_200_2_input	0	0	0	328	328
1_0.0_200_3_input	0	0	0	332	332
1_0.0_200_4_input	0	0	0	333	333
1_0.0_200_5_input	0	0	0	322	322
1_0.0_200_6_input	0	0	0	326	326
1_0.0_200_7_input	0	0	0	316	316
1_0.0_200_8_input	0	0	0	330	330
1_0.0_200_9_input	0	0	0	333	333
1_0.0_200_10_input	0	0	0	330	330
1_0.0_200_11_input	0	0	0	326	326
1_0.0_200_12_input	0	0	0	325	325
1_0.0_200_13_input	0	0	0	329	329
1_0.0_200_14_input	0	0	0	323	323
1_0.0_200_15_input	0	0	0	322	322
1_0.0_200_16_input	0	0	0	327	327
1_0.0_200_17_input	0	0	0	332	332
1_0.0_200_18_input	0	0	0	322	322
1_0.0_200_19_input	0	0	0	336	336
1_0.0_200_20_input	0	0	0	328	328
1_0.0_200_21_input	0	0	0	326	326
1_0.0_200_22_input	0	0	0	329	329
1_0.0_200_23_input	0	0	0	321	321
1_0.0_200_24_input	0	0	0	335	335
1_0.0_200_25_input	0	0	0	323	323
1_0.0_200_26_input	0	0	0	328	328
1_0.0_200_27_input	0	0	0	332	332
1_0.0_200_28_input	0	0	0	327	327
1_0.0_200_29_input	0	0	0	314	314
1_0.0_200_30_input	0	0	0	332	332
1_0.0_200_31_input	0	0	0	328	328
1_0.0_200_32_input	0	0	0	319	319
1_0.0_200_33_input	0	0	0	328	328
1_0.0_200_34_input	0	0	0	327	327
1_0.0_200_35_input	0	0	0	322	322
1_0.0_200_36_input	0	0	0	328	328
1_0.0_200_37_input	0	0	0	331	331
1_0.0_200_38_input	0	0	0	324	324
1_0.0_200_39_input	0	0	0	332	332
1_0.0_200_40_input	0	0	0	333	333
1_0.0_200_41_input	0	0	0	327	327
1_0.0_200_42_input	0	0	0	322	322
1_0.0_200_43_input	0	0	0	315	315
1_0.0_200_44_input	0	0	0	342	342
1_0.0_200_45_input	0	0	0	342	342
1_0.0_200_46_input	0	0	0	326	326
1_0.0_200_47_input	0	0	0	323	323
1_0.0_200_48_input	0	0	0	329	329
1_0.0_200_49_input	0	0	0	325	325
1_0.0_200_50_input	0	0	0	323	323
1_0.0_250_1_input	0	0	0	401	401
1_0.0_250_2_input	0	0	0	387	387
1_0.0_250_3_input	0	0	0	383	383
1_0.0_250_4_input	0	0	0	388	388
1_0.0_250_5_input	0	0	0	378	378
1_0.0_250_6_input	0	0	0	382	382
1_0.0_250_7_input	0	0	0	390	390
1_0.0_250_8_input	0	0	0	374	374
1_0.0_250_9_input	0	0	0	394	394
1_0.0_250_10_input	0	0	0	378	378
1_0.0_250_11_input	0	0	0	398	398
1_0.0_250_12_input	0	0	0	398	398
1_0.0_250_13_input	0	0	0	388	388
1_0.0_250_14_input	0	0	0	383	383
1_0.0_250_15_input	0	0	0	398	398
1_0.0_250_16_input	0	0	0	385	385
1_0.0_250_17_input	0	0	0	378	378
1_0.0_250_18_input	0	0	0	393	393
1_0.0_250_19_input	0	0	0	384	384
1_0.0_250_20_input	0	0	0	400	400
1_0.0_250_21_input	0	0	0	390	390
1_0.0_250_22_input	0	0	0	389	389
1_0.0_250_23_input	0	0	0	393	393
1_0.0_250_24_input	0	0	0	390	390
1_0.0_250_25_input	0	0	0	393	393
1_0.0_250_26_input	0	0	0	382	382
1_0.0_250_27_input	0	0	0	390	390
1_0.0_250_28_input	0	0	0	394	394
1_0.0_250_29_input	0	0	0	389	389
1_0.0_250_30_input	0	0	0	372	372
1_0.0_250_31_input	0	0	0	396	396
1_0.0_250_32_input	0	0	0	380	380
1_0.0_250_33_input	0	0	0	384	384
1_0.0_250_34_input	0	0	0	383	383
1_0.0_250_35_input	0	0	0	395	395
1_0.0_250_36_input	0	0	0	384	384
1_0.0_250_37_input	0	0	0	368	368
1_0.0_250_38_input	0	0	0	390	390
1_0.0_250_39_input	0	0	0	379	379
1_0.0_250_40_input	0	0	0	384	384
1_0.0_250_41_input	0	0	0	387	387
1_0.0_250_42_input	0	0	0	395	395
1_0.0_250_43_input	0	0	0	387	387
1_0.0_250_44_input	0	0	0	391	391
1_0.0_250_45_input	0	0	0	380	380
1_0.0_250_46_input	0	0	0	391	391
1_0.0_250_47_input	0	0	0	399	399
1_0.0_250_48_input	0	0	0	382	382
1_0.0_250_49_input	0	0	0	381	381
1_0.0_250_50_input	0	0	0	394	394
1_0.0_300_1_input	0	0	0	455	455
1_0.0_300_2_input	0	0	0	448	448
1_0.0_300_3_input	0	0	0	444	444
1_0.0_300_4_input	0	0	0	453	453
1_0.0_300_5_input	0	0	0	449	449
1_0.0_300_6_input	0	0	0	456	456
1_0.0_300_7_input	0	0	0	435	435
1_0.0_300_8_input	0	0	0	457	457
1_0.0_300_9_input	0	0	0	443	443
1_0.0_300_10_input	0	0	0	453	453
1_0.0_300_11_input	0	0	0	444	444
1_0.0_300_12_input	0	0	0	437	437
1_0.0_300_13_input	0	0	0	430	430
1_0.0_300_14_input	0	0	0	449	449
1_0.0_300_15_input	0	0	0	445	445
1_0.0_300_16_input	0	0	0	454	454
1_0.0_300_17_input	0	0	0	436	436
1_0.0_300_18_input	0	0	0	462	462
1_0.0_300_19_input	0	0	0	449	449
1_0.0_300_20_input	0	0	0	440	440
1_0.0_300_21_input	0	0	0	449	449
1_0.0_300_22_input	0	0	0	443	443
1_0.0_300_23_input	0	0	0	438	438
1_0.0_300_24_input	0	0	0	458	458
1_0.0_300_25_input	0	0	0	446	446
1_0.0_300_26_input	0	0	0	441	441
1_0.0_300_27_input	0	0	0	436	436
1_0.0_300_28_input	0	0	0	451	451
1_0.0_300_29_input	0	0	0	461	461
1_0.0_300_30_input	0	0	0	445	445
1_0.0_300_31_input	0	0	0	452	452
1_0.0_300_32_input	0	0	0	445	445
1_0.0_300_33_input	0	0	0	459	459
1_0.0_300_34_input	0	0	0	458	458
1_0.0_300_35_input	0	0	0	436	436
1_0.0_300_36_input	0	0	0	446	446
1_0.0_300_37_input	0	0	0	452	452
1_0.0_300_38_input	0	0	0	446	446
1_0.0_300_39_input	0	0	0	445	445
1_0.0_300_40_input	0	0	0	435	435
1_0.0_300_41_input	0	0	0	456	456
1_0.0_300_42_input	0	0	0	453	453
1_0.0_300_43_input	0	0	0	448	448
1_0.0_300_44_input	0	0	0	430	430
1_0.0_300_45_input	0	0	0	443	443
1_0.0_300_46_input	0	0	0	437	437
1_0.0_300_47_input	0	0	0	443	443
1_0.0_300_48_input	0	0	0	454	454
1_0.0_300_49_input	0	0	0	438	438
1_0.0_300_50_input	0	0	0	452	452
1_0.0_350_1_input	0	0	0	509	509
1_0.0_350_2_input	0	0	0	506	506
1_0.0_350_3_input	0	0	0	486	486
1_0.0_350_4_input	0	0	0	501	501
1_0.0_350_5_input	0	0	0	493	493
1_0.0_350_6_input	0	0	0	510	510
1_0.0_350_7_input	0	0	0	509	509
1_0.0_350_8_input	0	0	0	513	513
1_0.0_350_9_input	0	0	0	521	521
1_0.0_350_10_input	0	0	0	502	502
1_0.0_350_11_input	0	0	0	482	482
1_0.0_350_12_input	0	0	0	502	502
1_0.0_350_13_input	0	0	0	502	502
1_0.0_350_14_input	0	0	0	502	502
1_0.0_350_15_input	0	0	0	492	492
1_0.0_350_16_input	0	0	0	506	506
1_0.0_350_17_input	0	0	0	494	494
1_0.0_350_18_input	0	0	0	510	510
1_0.0_350_19_input	0	0	0	508	508
1_0.0_350_20_input	0	0	0	488	488
1_0.0_350_21_input	0	0	0	502	502
1_0.0_350_22_input	0	0	0	493	493
1_0.0_350_23_input	0	0	0	496	496
1_0.0_350_24_input	0	0	0	503	503
1_0.0_350_25_input	0	0	0	493	493
1_0.0_350_26_input	0	0	0	504	504
1_0.0_350_27_input	0	0	0	510	510
1_0.0_350_28_input	0	0	0	514	514
1_0.0_350_29_input	0	0	0	485	485
1_0.0_350_30_input	0	0	0	498	498
1_0.0_350_31_input	0	0	0	481	481
1_0.0_350_32_input	0	0	0	495	495
1_0.0_350_33_input	0	0	0	498	498
1_0.0_350_34_input	0	0	0	501	501
1_0.0_350_35_input	0	0	0	500	500
1_0.0_350_36_input	0	0	0	501	501
1_0.0_350_37_input	0	0	0	489	489
1_0.0_350_38_input	0	0	0	500	500
1_0.0_350_39_input	0	0	0	483	483
1_0.0_350_40_input	0	0	0	503	503
1_0.0_350_41_input	0	0	0	512	512
1_0.0_350_42_input	0	0	0	496	496
1_0.0_350_43_input	0	0	0	503	503
1_0.0_350_44_input	0	0	0	506	506
1_0.0_350_45_input	0	0	0	496	496
1_0.0_350_46_input	0	0	0	477	477
1_0.0_350_47_input	0	0	0	491	491
1_0.0_350_48_input	0	0	0	503	503
1_0.0_350_49_input	0	0	0	494	494
1_0.0_350_50_input	0	0	0	481	481
1_0.0_400_1_input	0	0	0	534	534
1_0.0_400_2_input	0	0	0	571	571
1_0.0_400_3_input	0	0	0	556	556
1_0.0_400_4_input	0	0	0	540	540
1_0.0_400_5_input	0	0	0	559	559
1_0.0_400_6_input	0	0	0	547	547
1_0.0_400_7_input	0	0	0	538	538
1_0.0_400_8_input	0	0	0	562	562
1_0.0_400_9_input	0	0	0	543	543
1_0.0_400_10_input	0	0	0	529	529
1_0.0_400_11_input	0	0	0	537	537
1_0.0_400_12_input	0	0	0	549	549
1_0.0_400_13_input	0	0	0	543	543
1_0.0_400_14_input	0	0	0	542	542
1_0.0_400_15_input	0	0	0	538	538
1_0.0_400_16_input	0	0	0	547	547
1_0.0_400_17_input	0	0	0	545	545
1_0.0_400_18_input	0	0	0	552	552
1_0.0_400_19_input	0	0	0	549	549
1_0.0_400_20_input	0	0	0	540	540
1_0.0_400_21_input	0	0	0	544	544
1_0.0_400_22_input	0	0	0	542	542
1_0.0_400_23_input	0	0	0	544	544
1_0.0_400_24_input	0	0	0	554	554
1_0.0_400_25_input	0	0	0	552	552
1_0.0_400_26_input	0	0	0	553	553
1_0.0_400_27_input	0	0	0	551	551
1_0.0_400_28_input	0	0	0	553	553
1_0.0_400_29_input	0	0	0	561	561
1_0.0_400_30_input	0	0	0	542	542
1_0.0_400_31_input	0	0	0	552	552
1_0.0_400_32_input	0	0	0	551	551
1_0.0_400_33_input	0	0	0	552	552
1_0.0_400_34_input	0	0	0	564	564
1_0.0_400_35_input	0	0	0	566	566
1_0.0_400_36_input	0	0	0	543	543
1_0.0_400_37_input	0	0	0	556	556
1_0.0_400_38_input	0	0	0	536	536
1_0.0_400_39_input	0	0	0	555	555
1_0.0_400_40_input	0	0	0	549	549
1_0.0_400_41_input	0	0	0	541	541
1_0.0_400_42_input	0	0	0	548	548
1_0.0_400_43_input	0	0	0	545	545
1_0.0_400_44_input	0	0	0	542	542
1_0.0_400_45_input	0	0	0	534	534
1_0.0_400_46_input	0	0	0	545	545
1_0.0_400_47_input	0	0	0	559	559
1_0.0_400_48_input	0	0	0	551	551
1_0.0_400_49_input	0	0	0	531	531
1_0.0_400_50_input	0	0	0	537	537
1_0.0_450_1_input	0	0	0	585	585
1_0.0_450_2_input	0	0	0	612	612
1_0.0_450_3_input	0	0	0	586	586
1_0.0_450_4_input	0	0	0	584	584
1_0.0_450_5_input	0	0	0	575	575
1_0.0_450_6_input	0	0	0	585	585
1_0.0_450_7_input	0	0	0	590	590
1_0.0_450_8_input	0	0	0	583	583
1_0.0_450_9_input	0	0	0	581	581
1_0.0_450_10_input	0	0	0	582	582
1_0.0_450_11_input	0	0	0	580	580
1_0.0_450_12_input	0	0	0	572	572
1_0.0_450_13_input	0	0	0	577	577
1_0.0_450_14_input	0	0	0	602	602
1_0.0_450_15_input	0	0	0	595	595
1_0.0_450_16_input	0	0	0	587	587
1_0.0_450_17_input	0	0	0	587	587
1_0.0_450_18_input	0	0	0	601	601
1_0.0_450_19_input	0	0	0	592	592
1_0.0_450_20_input	0	0	0	586	586
1_0.0_450_21_input	0	0	0	589	589
1_0.0_450_22_input	0	0	0	559	559
1_0.0_450_23_input	0	0	0	598	598
1_0.0_450_24_input	0	0	0	599	599
1_0.0_450_25_input	0	0	0	582	582
1_0.0_450_26_input	0	0	0	600	600
1_0.0_450_27_input	0	0	0	573	573
1_0.0_450_28_input	0	0	0	585	585
1_0.0_450_29_input	0	0	0	594	594
1_0.0_450_30_input	0	0	0	572	572
1_0.0_450_31_input	0	0	0	595	595
1_0.0_450_32_input	0	0	0	608	608
1_0.0_450_33_input	0	0	0	585	585
1_0.0_450_34_input	0	0	0	603	603
1_0.0_450_35_input	0	0	0	592	592
1_0.0_450_36_input	0	0	0	606	606
1_0.0_450_37_input	0	0	0	591	591
1_0.0_450_38_input	0	0	0	586	586
1_0.0_450_39_input	0	0	0	587	587
1_0.0_450_40_input	0	0	0	568	568
1_0.0_450_41_input	0	0	0	589	589
1_0.0_450_42_input	0	0	0	583	583
1_0.0_450_43_input	0	0	0	569	569
1_0.0_450_44_input	0	0	0	607	607
1_0.0_450_45_input	0	0	0	593	593
1_0.0_450_46_input	0	0	0	595	595
1_0.0_450_47_input	0	0	0	610	610
1_0.0_450_48_input	0	0	0	603	603
1_0.0_450_49_input	0	0	0	576	576
1_0.0_450_50_input	0	0	0	591	591
1_0.0_500_1_input	0	0	0	626	626
1_0.0_500_2_input	0	0	0	625	625
1_0.0_500_3_input	0	0	0	623	623
1_0.0_500_4_input	0	0	0	629	629
1_0.0_500_5_input	0	0	0	647	647
1_0.0_500_6_input	0	0	0	616	616
1_0.0_500_7_input	0	0	0	615	615
1_0.0_500_8_input	0	0	0	619	619
1_0.0_500_9_input	0	0	0	620	620
1_0.0_500_10_input	0	0	0	628	628
1_0.0_500_11_input	0	0	0	626	626
1_0.0_500_12_input	0	0	0	626	626
1_0.0_500_13_input	0	0	0	620	620
1_0.0_500_14_input	0	0	0	638	638
1_0.0_500_15_input	0	0	0	623	623
1_0.0_500_16_input	0	0	0	609	609
1_0.0_500_17_input	0	0	0	637	637
1_0.0_500_18_input	0	0	0	636	636
1_0.0_500_19_input	0	0	0	620	620
1_0.0_500_20_input	0	0	0	633	633
1_0.0_500_21_input	0	0	0	634	634
1_0.0_500_22_input	0	0	0	617	617
1_0.0_500_23_input	0	0	0	631	631
1_0.0_500_24_input	0	0	0	641	641
1_0.0_500_25_input	0	0	0	607	607
1_0.0_500_26_input	0	0	0	632	632
1_0.0_500_27_input	0	0	0	617	617
1_0.0_500_28_input	0	0	0	626	626
1_0.0_500_29_input	0	0	0	644	644
1_0.0_500_30_input	0	0	0	624	624
1_0.0_500_31_input	0	0	0	624	624
1_0.0_500_32_input	0	0	0	627	627
1_0.0_500_33_input	0	0	0	634	634
1_0.0_500_34_input	0	0	0	637	637
1_0.0_500_35_input	0	0	0	604	604
1_0.0_500_36_input	0	0	0	636	636
1_0.0_500_37_input	0	0	0	641	641
1_0.0_500_38_input	0	0	0	631	631
1_0.0_500_39_input	0	0	0	631	631
1_0.0_500_40_input	0	0	0	633	633
1_0.0_500_41_input	0	0	0	625	625
1_0.0_500_42_input	0	0	0	618	618
1_0.0_500_43_input	0	0	0	649	649
1_0.0_500_44_input	0	0	0	628	628
1_0.0_500_45_input	0	0	0	625	625
1_0.0_500_46_input	0	0	0	625	625
1_0.0_500_47_input	0	0	0	635	635
1_0.0_500_48_input	0	0	0	630	630
1_0.0_500_49_input	0	0	0	648	648
1_0.0_500_50_input	0	0	0	626	626
